function [H] = hessian_cost(t)
%UNTITLED14 Summary of this function goes here
%   Detailed explanation goes here
H =  [[0, 0, 0, 0,        0,         0,         0,          0]
     [0, 0, 0, 0,        0,         0,         0,          0]
     [0, 0, 0, 0,        0,         0,         0,          0]
     [0, 0, 0, 0,        0,         0,         0,          0]
     [0, 0, 0, 0,    576*t,  1440*t^2,  2880*t^3,   5040*t^4]
     [0, 0, 0, 0, 1440*t^2,  4800*t^3, 10800*t^4,  20160*t^5]
     [0, 0, 0, 0, 2880*t^3, 10800*t^4, 25920*t^5,  50400*t^6]
     [0, 0, 0, 0, 5040*t^4, 20160*t^5, 50400*t^6, 100800*t^7]];
end